3,2
3,1
3,3
10,127
10,115
10,177
10,303
10,83
10,13
9,5
8,7
8,11
8,16
8,8
8,2
20,3
20,2
20,1
19,3
19,2
19,1
12,3
12,2
12,1
11,30
11,29
11,28
11,27
11,26
11,25
11,24
11,23
11,22
11,21
11,20
11,19
11,18
11,17
11,16
11,15
11,14
11,13
11,12
11,11
11,10
11,9
11,8
11,7
11,6
11,5
11,4
11,3
11,2
11,1
10,315
10,314
10,308
10,304
10,302
10,301
10,300
10,299
10,298
10,292
10,290
10,289
10,284
10,282
10,280
10,276
10,274
10,269
10,268
10,265
10,264
10,259
10,258
10,257
10,253
10,248
10,239
10,235
10,232
10,229
10,227
10,225
10,222
10,220
10,217
10,214
10,212
18,1
10,210
18,3
10,208
10,206
14,1
10,202
14,3
13,1
10,198
10,196
10,195
13,3
10,194
10,190
10,164
10,150
10,144
10,126
10,94
10,88
10,30
10,20
10,3
